0.000244081 0.00219376
0.000488162 0.00438158
0.000732243 0.00656347
0.000976324 0.00873945
0.00122041 0.0109095
0.00146449 0.0130737
0.00170857 0.015232
0.00195265 0.0173845
0.00219673 0.0195311
0.00244081 0.0216719
0.00268489 0.0238069
0.00292897 0.0259361
0.00317305 0.0280595
0.00341713 0.0301771
0.00366122 0.032289
0.0039053 0.0343951
0.00414938 0.0364955
0.00439346 0.0385902
0.00463754 0.0406791
0.00488162 0.0427624
0.0051257 0.04484
0.00536978 0.046912
0.00561386 0.0489783
0.00585794 0.051039
0.00610203 0.053094
0.00634611 0.0551435
0.00659019 0.0571874
0.00683427 0.0592256
0.00707835 0.0612584
0.00732243 0.0632855
0.00756651 0.0653072
0.00781059 0.0673233
0.00805467 0.0693339
0.00829876 0.071339
0.00854284 0.0733386
0.00878692 0.0753328
0.009031 0.0773214
0.00927508 0.0793047
0.00951916 0.0812825
0.00976324 0.0832549
0.0100073 0.0852219
0.0102514 0.0871835
0.0104955 0.0891398
0.0107396 0.0910906
0.0109836 0.0930362
0.0112277 0.0949763
0.0114718 0.0969112
0.0117159 0.0988407
0.01196 0.100765
0.0122041 0.102684
0.0124481 0.104598
0.0126922 0.106506
0.0129363 0.108409
0.0131804 0.110307
0.0134245 0.1122
0.0136685 0.114087
0.0139126 0.11597
0.0141567 0.117847
0.0144008 0.119719
0.0146449 0.121586
0.0148889 0.123447
0.015133 0.125304
0.0153771 0.127155
0.0156212 0.129002
0.0158653 0.130843
0.0161093 0.132679
0.0163534 0.13451
0.0165975 0.136336
0.0168416 0.138157
0.0170857 0.139973
0.0173298 0.141784
0.0175738 0.143589
0.0178179 0.14539
0.018062 0.147186
0.0183061 0.148977
0.0185502 0.150763
0.0187942 0.152544
0.0190383 0.15432
0.0192824 0.156091
0.0195265 0.157858
0.0197706 0.159619
0.0200146 0.161375
0.0202587 0.163127
0.0205028 0.164874
0.0207469 0.166615
0.020991 0.168352
0.0212351 0.170085
0.0214791 0.171812
0.0217232 0.173535
0.0219673 0.175252
0.0222114 0.176965
0.0224555 0.178673
0.0226995 0.180377
0.0229436 0.182076
0.0231877 0.18377
0.0234318 0.185459
0.0236759 0.187143
0.0239199 0.188823
0.024164 0.190498
0.0244081 0.192169
0.0246522 0.193835
0.0248963 0.195496
0.0251403 0.197152
0.0253844 0.198804
0.0256285 0.200451
0.0258726 0.202094
0.0261167 0.203732
0.0263608 0.205365
0.0266048 0.206994
0.0268489 0.208618
0.027093 0.210238
0.0273371 0.211853
0.0275812 0.213464
0.0278252 0.21507
0.0280693 0.216672
0.0283134 0.218269
0.0285575 0.219862
0.0288016 0.22145
0.0290456 0.223033
0.0292897 0.224613
0.0295338 0.226187
0.0297779 0.227758
0.030022 0.229324
0.030266 0.230885
0.0305101 0.232442
0.0307542 0.233995
0.0309983 0.235544
0.0312424 0.237087
0.0314865 0.238627
0.0317305 0.240162
0.0319746 0.241693
0.0322187 0.24322
0.0324628 0.244742
0.0327069 0.24626
0.0329509 0.247774
0.033195 0.249283
0.0334391 0.250788
0.0336832 0.252289
0.0339273 0.253786
0.0341713 0.255278
0.0344154 0.256766
0.0346595 0.25825
0.0349036 0.25973
0.0351477 0.261206
0.0353918 0.262677
0.0356358 0.264144
0.0358799 0.265607
0.036124 0.267066
0.0363681 0.26852
0.0366122 0.269971
0.0368562 0.271417
0.0371003 0.272859
0.0373444 0.274298
0.0375885 0.275732
0.0378326 0.277162
0.0380766 0.278587
0.0383207 0.280009
0.0385648 0.281427
0.0388089 0.282841
0.039053 0.28425
0.039297 0.285656
0.0395411 0.287057
0.0397852 0.288455
0.0400293 0.289849
0.0402734 0.291238
0.0405175 0.292624
0.0407615 0.294005
0.0410056 0.295383
0.0412497 0.296757
0.0414938 0.298127
0.0417379 0.299492
0.0419819 0.300854
0.042226 0.302212
0.0424701 0.303566
0.0427142 0.304917
0.0429583 0.306263
0.0432023 0.307605
0.0434464 0.308944
0.0436905 0.310279
0.0439346 0.311609
0.0441787 0.312936
0.0444227 0.31426
0.0446668 0.315579
0.0449109 0.316895
0.045155 0.318206
0.0453991 0.319514
0.0456432 0.320818
0.0458872 0.322119
0.0461313 0.323415
0.0463754 0.324708
0.0466195 0.325997
0.0468636 0.327283
0.0471076 0.328564
0.0473517 0.329842
0.0475958 0.331117
0.0478399 0.332387
0.048084 0.333654
0.048328 0.334917
0.0485721 0.336177
0.0488162 0.337432
0.0490603 0.338685
0.0493044 0.339933
0.0495485 0.341178
0.0497925 0.342419
0.0500366 0.343657
0.0502807 0.344891
0.0505248 0.346121
0.0507689 0.347348
0.0510129 0.348571
0.051257 0.349791
0.0515011 0.351007
0.0517452 0.35222
0.0519893 0.353429
0.0522333 0.354634
0.0524774 0.355836
0.0527215 0.357034
0.0529656 0.358229
0.0532097 0.35942
0.0534537 0.360608
0.0536978 0.361793
0.0539419 0.362973
0.054186 0.364151
0.0544301 0.365325
0.0546742 0.366495
0.0549182 0.367662
0.0551623 0.368826
0.0554064 0.369986
0.0556505 0.371143
0.0558946 0.372296
0.0561386 0.373446
0.0563827 0.374593
0.0566268 0.375736
0.0568709 0.376875
0.057115 0.378012
0.057359 0.379145
0.0576031 0.380274
0.0578472 0.381401
0.0580913 0.382524
0.0583354 0.383643
0.0585794 0.38476
0.0588235 0.385873
0.0590676 0.386982
0.0593117 0.388089
0.0595558 0.389192
0.0597999 0.390292
0.0600439 0.391388
0.060288 0.392481
0.0605321 0.393571
0.0607762 0.394658
0.0610203 0.395742
0.0612643 0.396822
0.0615084 0.397899
0.0617525 0.398973
0.0619966 0.400043
0.0622407 0.401111
0.0624847 0.402175
0.0627288 0.403236
0.0629729 0.404294
0.063217 0.405348
0.0634611 0.4064
0.0637052 0.407448
0.0639492 0.408493
0.0641933 0.409535
0.0644374 0.410574
0.0646815 0.41161
0.0649256 0.412643
0.0651696 0.413672
0.0654137 0.414699
0.0656578 0.415722
0.0659019 0.416742
0.066146 0.417759
0.06639 0.418773
0.0666341 0.419784
0.0668782 0.420792
0.0671223 0.421797
0.0673664 0.422799
0.0676104 0.423798
0.0678545 0.424794
0.0680986 0.425787
0.0683427 0.426776
0.0685868 0.427763
0.0688309 0.428747
0.0690749 0.429728
0.069319 0.430705
0.0695631 0.43168
0.0698072 0.432652
0.0700513 0.433621
0.0702953 0.434587
0.0705394 0.43555
0.0707835 0.43651
0.0710276 0.437467
0.0712717 0.438421
0.0715157 0.439372
0.0717598 0.44032
0.0720039 0.441266
0.072248 0.442208
0.0724921 0.443148
0.0727361 0.444085
0.0729802 0.445019
0.0732243 0.44595
0.0734684 0.446878
0.0737125 0.447803
0.0739566 0.448725
0.0742006 0.449645
0.0744447 0.450562
0.0746888 0.451476
0.0749329 0.452387
0.075177 0.453295
0.075421 0.4542
0.0756651 0.455103
0.0759092 0.456003
0.0761533 0.4569
0.0763974 0.457794
0.0766414 0.458686
0.0768855 0.459574
0.0771296 0.46046
0.0773737 0.461344
0.0776178 0.462224
0.0778619 0.463102
0.0781059 0.463977
0.07835 0.464849
0.0785941 0.465719
0.0788382 0.466585
0.0790823 0.467449
0.0793263 0.468311
0.0795704 0.46917
0.0798145 0.470026
0.0800586 0.470879
0.0803027 0.47173
0.0805467 0.472578
0.0807908 0.473423
0.0810349 0.474266
0.081279 0.475106
0.0815231 0.475943
0.0817671 0.476778
0.0820112 0.47761
0.0822553 0.47844
0.0824994 0.479266
0.0827435 0.480091
0.0829876 0.480912
0.0832316 0.481731
0.0834757 0.482548
0.0837198 0.483362
0.0839639 0.484173
0.084208 0.484982
0.084452 0.485788
0.0846961 0.486592
0.0849402 0.487393
0.0851843 0.488191
0.0854284 0.488987
0.0856724 0.489781
0.0859165 0.490572
0.0861606 0.49136
0.0864047 0.492146
0.0866488 0.492929
0.0868928 0.49371
0.0871369 0.494489
0.087381 0.495264
0.0876251 0.496038
0.0878692 0.496809
0.0881133 0.497577
0.0883573 0.498343
0.0886014 0.499107
0.0888455 0.499868
0.0890896 0.500626
0.0893337 0.501382
0.0895777 0.502136
0.0898218 0.502887
0.0900659 0.503636
0.09031 0.504383
0.0905541 0.505127
0.0907981 0.505868
0.0910422 0.506607
0.0912863 0.507344
0.0915304 0.508079
0.0917745 0.508811
0.0920186 0.50954
0.0922626 0.510268
0.0925067 0.510992
0.0927508 0.511715
0.0929949 0.512435
0.093239 0.513153
0.093483 0.513868
0.0937271 0.514582
0.0939712 0.515292
0.0942153 0.516001
0.0944594 0.516707
0.0947034 0.517411
0.0949475 0.518113
0.0951916 0.518812
0.0954357 0.519509
0.0956798 0.520203
0.0959238 0.520896
0.0961679 0.521586
0.096412 0.522274
0.0966561 0.522959
0.0969002 0.523642
0.0971443 0.524323
0.0973883 0.525002
0.0976324 0.525679
0.0978765 0.526353
0.0981206 0.527025
0.0983647 0.527695
0.0986087 0.528362
0.0988528 0.529027
0.0990969 0.529691
0.099341 0.530351
0.0995851 0.53101
0.0998291 0.531667
0.100073 0.532321
0.100317 0.532973
0.100561 0.533623
0.100805 0.534271
0.10105 0.534916
0.101294 0.53556
0.101538 0.536201
0.101782 0.53684
0.102026 0.537477
0.10227 0.538112
0.102514 0.538744
0.102758 0.539375
0.103002 0.540003
0.103246 0.540629
0.10349 0.541253
0.103734 0.541875
0.103979 0.542495
0.104223 0.543113
0.104467 0.543729
0.104711 0.544342
0.104955 0.544954
0.105199 0.545563
0.105443 0.546171
0.105687 0.546776
0.105931 0.547379
0.106175 0.54798
0.106419 0.548579
0.106663 0.549176
0.106907 0.549771
0.107152 0.550364
0.107396 0.550955
0.10764 0.551544
0.107884 0.552131
0.108128 0.552715
0.108372 0.553298
0.108616 0.553879
0.10886 0.554457
0.109104 0.555034
0.109348 0.555609
0.109592 0.556182
0.109836 0.556752
0.110081 0.557321
0.110325 0.557888
0.110569 0.558453
0.110813 0.559015
0.111057 0.559576
0.111301 0.560135
0.111545 0.560692
0.111789 0.561247
0.112033 0.5618
0.112277 0.562351
0.112521 0.5629
0.112765 0.563448
0.11301 0.563993
0.113254 0.564536
0.113498 0.565078
0.113742 0.565617
0.113986 0.566155
0.11423 0.56669
0.114474 0.567224
0.114718 0.567756
0.114962 0.568286
0.115206 0.568814
0.11545 0.569341
0.115694 0.569865
0.115938 0.570387
0.116183 0.570908
0.116427 0.571427
0.116671 0.571944
0.116915 0.572459
0.117159 0.572972
0.117403 0.573483
0.117647 0.573993
0.117891 0.574501
0.118135 0.575006
0.118379 0.57551
0.118623 0.576013
0.118867 0.576513
0.119112 0.577011
0.119356 0.577508
0.1196 0.578003
0.119844 0.578496
0.120088 0.578988
0.120332 0.579477
0.120576 0.579965
0.12082 0.580451
0.121064 0.580935
0.121308 0.581418
0.121552 0.581898
0.121796 0.582377
0.122041 0.582854
0.122285 0.58333
0.122529 0.583803
0.122773 0.584275
0.123017 0.584745
0.123261 0.585213
0.123505 0.58568
0.123749 0.586145
0.123993 0.586608
0.124237 0.58707
0.124481 0.587529
0.124725 0.587987
0.124969 0.588444
0.125214 0.588898
0.125458 0.589351
0.125702 0.589802
0.125946 0.590252
0.12619 0.5907
0.126434 0.591146
0.126678 0.59159
0.126922 0.592033
0.127166 0.592474
0.12741 0.592913
0.127654 0.593351
0.127898 0.593787
0.128143 0.594222
0.128387 0.594654
0.128631 0.595086
0.128875 0.595515
0.129119 0.595943
0.129363 0.596369
0.129607 0.596794
0.129851 0.597217
0.130095 0.597638
0.130339 0.598058
0.130583 0.598476
0.130827 0.598892
0.131072 0.599307
0.131316 0.59972
0.13156 0.600132
0.131804 0.600542
0.132048 0.60095
0.132292 0.601357
0.132536 0.601762
0.13278 0.602166
0.133024 0.602568
0.133268 0.602969
0.133512 0.603368
0.133756 0.603765
0.134 0.604161
0.134245 0.604555
0.134489 0.604948
0.134733 0.605339
0.134977 0.605729
0.135221 0.606117
0.135465 0.606503
0.135709 0.606888
0.135953 0.607272
0.136197 0.607654
0.136441 0.608034
0.136685 0.608413
0.136929 0.60879
0.137174 0.609166
0.137418 0.60954
0.137662 0.609913
0.137906 0.610284
0.13815 0.610654
0.138394 0.611023
0.138638 0.611389
0.138882 0.611755
0.139126 0.612119
0.13937 0.612481
0.139614 0.612842
0.139858 0.613201
0.140103 0.613559
0.140347 0.613916
0.140591 0.614271
0.140835 0.614624
0.141079 0.614976
0.141323 0.615327
0.141567 0.615676
0.141811 0.616024
0.142055 0.61637
0.142299 0.616715
0.142543 0.617059
0.142787 0.617401
0.143031 0.617741
0.143276 0.61808
0.14352 0.618418
0.143764 0.618754
0.144008 0.619089
0.144252 0.619423
0.144496 0.619755
0.14474 0.620085
0.144984 0.620415
0.145228 0.620742
0.145472 0.621069
0.145716 0.621394
0.14596 0.621718
0.146205 0.62204
0.146449 0.622361
0.146693 0.622681
0.146937 0.622999
0.147181 0.623316
0.147425 0.623631
0.147669 0.623945
0.147913 0.624258
0.148157 0.624569
0.148401 0.624879
0.148645 0.625188
0.148889 0.625495
0.149134 0.625801
0.149378 0.626106
0.149622 0.626409
0.149866 0.626711
0.15011 0.627011
0.150354 0.627311
0.150598 0.627609
0.150842 0.627905
0.151086 0.628201
0.15133 0.628495
0.151574 0.628787
0.151818 0.629079
0.152062 0.629369
0.152307 0.629658
0.152551 0.629945
0.152795 0.630231
0.153039 0.630516
0.153283 0.6308
0.153527 0.631082
0.153771 0.631363
0.154015 0.631643
0.154259 0.631921
0.154503 0.632199
0.154747 0.632474
0.154991 0.632749
0.155236 0.633023
0.15548 0.633295
0.155724 0.633566
0.155968 0.633835
0.156212 0.634104
0.156456 0.634371
0.1567 0.634637
0.156944 0.634901
0.157188 0.635165
0.157432 0.635427
0.157676 0.635688
0.15792 0.635947
0.158165 0.636206
0.158409 0.636463
0.158653 0.636719
0.158897 0.636974
0.159141 0.637227
0.159385 0.63748
0.159629 0.637731
0.159873 0.637981
0.160117 0.63823
0.160361 0.638477
0.160605 0.638724
0.160849 0.638969
0.161093 0.639213
0.161338 0.639455
0.161582 0.639697
0.161826 0.639937
0.16207 0.640177
0.162314 0.640415
0.162558 0.640652
0.162802 0.640887
0.163046 0.641122
0.16329 0.641355
0.163534 0.641587
0.163778 0.641818
0.164022 0.642048
0.164267 0.642277
0.164511 0.642504
0.164755 0.642731
0.164999 0.642956
0.165243 0.64318
0.165487 0.643403
0.165731 0.643625
0.165975 0.643846
0.166219 0.644065
0.166463 0.644284
0.166707 0.644501
0.166951 0.644717
0.167196 0.644932
0.16744 0.645146
0.167684 0.645359
0.167928 0.645571
0.168172 0.645781
0.168416 0.645991
0.16866 0.646199
0.168904 0.646407
0.169148 0.646613
0.169392 0.646818
0.169636 0.647022
0.16988 0.647225
0.170124 0.647427
0.170369 0.647627
0.170613 0.647827
0.170857 0.648026
0.171101 0.648223
0.171345 0.648419
0.171589 0.648615
0.171833 0.648809
0.172077 0.649002
0.172321 0.649194
0.172565 0.649385
0.172809 0.649575
0.173053 0.649764
0.173298 0.649952
0.173542 0.650139
0.173786 0.650325
0.17403 0.65051
0.174274 0.650693
0.174518 0.650876
0.174762 0.651058
0.175006 0.651238
0.17525 0.651418
0.175494 0.651596
0.175738 0.651774
0.175982 0.65195
0.176227 0.652126
0.176471 0.6523
0.176715 0.652473
0.176959 0.652646
0.177203 0.652817
0.177447 0.652987
0.177691 0.653157
0.177935 0.653325
0.178179 0.653492
0.178423 0.653659
0.178667 0.653824
0.178911 0.653988
0.179155 0.654152
0.1794 0.654314
0.179644 0.654475
0.179888 0.654636
0.180132 0.654795
0.180376 0.654953
0.18062 0.655111
0.180864 0.655267
0.181108 0.655422
0.181352 0.655577
0.181596 0.65573
0.18184 0.655883
0.182084 0.656035
0.182329 0.656185
0.182573 0.656335
0.182817 0.656483
0.183061 0.656631
0.183305 0.656778
0.183549 0.656924
0.183793 0.657069
0.184037 0.657212
0.184281 0.657355
0.184525 0.657497
0.184769 0.657638
0.185013 0.657779
0.185258 0.657918
0.185502 0.658056
0.185746 0.658193
0.18599 0.65833
0.186234 0.658465
0.186478 0.6586
0.186722 0.658733
0.186966 0.658866
0.18721 0.658998
0.187454 0.659129
0.187698 0.659259
0.187942 0.659388
0.188186 0.659516
0.188431 0.659643
0.188675 0.659769
0.188919 0.659895
0.189163 0.660019
0.189407 0.660143
0.189651 0.660266
0.189895 0.660388
0.190139 0.660509
0.190383 0.660629
0.190627 0.660748
0.190871 0.660866
0.191115 0.660983
0.19136 0.6611
0.191604 0.661216
0.191848 0.66133
0.192092 0.661444
0.192336 0.661557
0.19258 0.661669
0.192824 0.661781
0.193068 0.661891
0.193312 0.662
0.193556 0.662109
0.1938 0.662217
0.194044 0.662324
0.194289 0.66243
0.194533 0.662535
0.194777 0.66264
0.195021 0.662743
0.195265 0.662846
0.195509 0.662948
0.195753 0.663049
0.195997 0.663149
0.196241 0.663248
0.196485 0.663347
0.196729 0.663444
0.196973 0.663541
0.197217 0.663637
0.197462 0.663732
0.197706 0.663827
0.19795 0.66392
0.198194 0.664013
0.198438 0.664105
0.198682 0.664196
0.198926 0.664286
0.19917 0.664376
0.199414 0.664464
0.199658 0.664552
0.199902 0.664639
0.200146 0.664725
0.200391 0.66481
0.200635 0.664895
0.200879 0.664979
0.201123 0.665062
0.201367 0.665144
0.201611 0.665225
0.201855 0.665306
0.202099 0.665386
0.202343 0.665465
0.202587 0.665543
0.202831 0.66562
0.203075 0.665697
0.20332 0.665773
0.203564 0.665848
0.203808 0.665922
0.204052 0.665996
0.204296 0.666068
0.20454 0.66614
0.204784 0.666212
0.205028 0.666282
0.205272 0.666352
0.205516 0.666421
0.20576 0.666489
0.206004 0.666556
0.206248 0.666623
0.206493 0.666689
0.206737 0.666754
0.206981 0.666818
0.207225 0.666882
0.207469 0.666945
0.207713 0.667007
0.207957 0.667068
0.208201 0.667129
0.208445 0.667189
0.208689 0.667248
0.208933 0.667306
0.209177 0.667364
0.209422 0.667421
0.209666 0.667477
0.20991 0.667532
0.210154 0.667587
0.210398 0.667641
0.210642 0.667694
0.210886 0.667747
0.21113 0.667799
0.211374 0.66785
0.211618 0.6679
0.211862 0.66795
0.212106 0.667999
0.212351 0.668047
0.212595 0.668095
0.212839 0.668141
0.213083 0.668188
0.213327 0.668233
0.213571 0.668278
0.213815 0.668322
0.214059 0.668365
0.214303 0.668408
0.214547 0.668449
0.214791 0.668491
0.215035 0.668531
0.215279 0.668571
0.215524 0.66861
0.215768 0.668648
0.216012 0.668686
0.216256 0.668723
0.2165 0.66876
0.216744 0.668795
0.216988 0.66883
0.217232 0.668865
0.217476 0.668898
0.21772 0.668931
0.217964 0.668963
0.218208 0.668995
0.218453 0.669026
0.218697 0.669056
0.218941 0.669086
0.219185 0.669115
0.219429 0.669143
0.219673 0.669171
0.219917 0.669197
0.220161 0.669224
0.220405 0.669249
0.220649 0.669274
0.220893 0.669299
0.221137 0.669322
0.221381 0.669345
0.221626 0.669368
0.22187 0.669389
0.222114 0.66941
0.222358 0.669431
0.222602 0.669451
0.222846 0.66947
0.22309 0.669488
0.223334 0.669506
0.223578 0.669523
0.223822 0.66954
0.224066 0.669556
0.22431 0.669571
0.224555 0.669586
0.224799 0.6696
0.225043 0.669613
0.225287 0.669626
0.225531 0.669638
0.225775 0.669649
0.226019 0.66966
0.226263 0.669671
0.226507 0.66968
0.226751 0.669689
0.226995 0.669698
0.227239 0.669705
0.227484 0.669713
0.227728 0.669719
0.227972 0.669725
0.228216 0.669731
0.22846 0.669735
0.228704 0.669739
0.228948 0.669743
0.229192 0.669746
0.229436 0.669748
0.22968 0.66975
0.229924 0.669751
0.230168 0.669752
0.230412 0.669752
0.230657 0.669751
0.230901 0.66975
0.231145 0.669748
0.231389 0.669745
0.231633 0.669742
0.231877 0.669739
0.232121 0.669734
0.232365 0.66973
0.232609 0.669724
0.232853 0.669718
0.233097 0.669712
0.233341 0.669705
0.233586 0.669697
0.23383 0.669689
0.234074 0.66968
0.234318 0.669671
0.234562 0.669661
0.234806 0.66965
0.23505 0.669639
0.235294 0.669627
0.235538 0.669615
0.235782 0.669602
0.236026 0.669589
0.23627 0.669575
0.236515 0.66956
0.236759 0.669545
0.237003 0.66953
0.237247 0.669513
0.237491 0.669497
0.237735 0.669479
0.237979 0.669461
0.238223 0.669443
0.238467 0.669424
0.238711 0.669405
0.238955 0.669385
0.239199 0.669364
0.239443 0.669343
0.239688 0.669321
0.239932 0.669299
0.240176 0.669276
0.24042 0.669253
0.240664 0.669229
0.240908 0.669205
0.241152 0.66918
0.241396 0.669154
0.24164 0.669128
0.241884 0.669102
0.242128 0.669075
0.242372 0.669047
0.242617 0.669019
0.242861 0.66899
0.243105 0.668961
0.243349 0.668932
0.243593 0.668901
0.243837 0.668871
0.244081 0.668839
0.244325 0.668808
0.244569 0.668775
0.244813 0.668743
0.245057 0.668709
0.245301 0.668676
0.245546 0.668641
0.24579 0.668606
0.246034 0.668571
0.246278 0.668535
0.246522 0.668499
0.246766 0.668462
0.24701 0.668424
0.247254 0.668387
0.247498 0.668348
0.247742 0.668309
0.247986 0.66827
0.24823 0.66823
0.248474 0.66819
0.248719 0.668149
0.248963 0.668107
0.249207 0.668066
0.249451 0.668023
0.249695 0.66798
0.249939 0.667937
0.250183 0.667893
0.250427 0.667849
0.250671 0.667804
0.250915 0.667759
0.251159 0.667713
0.251403 0.667667
0.251648 0.66762
0.251892 0.667573
0.252136 0.667525
0.25238 0.667477
0.252624 0.667428
0.252868 0.667379
0.253112 0.667329
0.253356 0.667279
0.2536 0.667229
0.253844 0.667178
0.254088 0.667126
0.254332 0.667074
0.254577 0.667022
0.254821 0.666969
0.255065 0.666915
0.255309 0.666862
0.255553 0.666807
0.255797 0.666752
0.256041 0.666697
0.256285 0.666642
0.256529 0.666585
0.256773 0.666529
0.257017 0.666472
0.257261 0.666414
0.257505 0.666356
0.25775 0.666298
0.257994 0.666239
0.258238 0.66618
0.258482 0.66612
0.258726 0.66606
0.25897 0.665999
0.259214 0.665938
0.259458 0.665876
0.259702 0.665814
0.259946 0.665752
0.26019 0.665689
0.260434 0.665625
0.260679 0.665562
0.260923 0.665497
0.261167 0.665433
0.261411 0.665368
0.261655 0.665302
0.261899 0.665236
0.262143 0.66517
0.262387 0.665103
0.262631 0.665036
0.262875 0.664968
0.263119 0.6649
0.263363 0.664831
0.263608 0.664762
0.263852 0.664693
0.264096 0.664623
0.26434 0.664553
0.264584 0.664482
0.264828 0.664411
0.265072 0.664339
0.265316 0.664267
0.26556 0.664195
0.265804 0.664122
0.266048 0.664049
0.266292 0.663975
0.266536 0.663901
0.266781 0.663827
0.267025 0.663752
0.267269 0.663677
0.267513 0.663601
0.267757 0.663525
0.268001 0.663448
0.268245 0.663371
0.268489 0.663294
0.268733 0.663216
0.268977 0.663138
0.269221 0.66306
0.269465 0.662981
0.26971 0.662901
0.269954 0.662822
0.270198 0.662741
0.270442 0.662661
0.270686 0.66258
0.27093 0.662499
0.271174 0.662417
0.271418 0.662335
0.271662 0.662252
0.271906 0.662169
0.27215 0.662086
0.272394 0.662002
0.272639 0.661918
0.272883 0.661834
0.273127 0.661749
0.273371 0.661663
0.273615 0.661578
0.273859 0.661492
0.274103 0.661405
0.274347 0.661318
0.274591 0.661231
0.274835 0.661144
0.275079 0.661056
0.275323 0.660967
0.275567 0.660879
0.275812 0.660789
0.276056 0.6607
0.2763 0.66061
0.276544 0.66052
0.276788 0.660429
0.277032 0.660338
0.277276 0.660247
0.27752 0.660155
0.277764 0.660063
0.278008 0.659971
0.278252 0.659878
0.278496 0.659785
0.278741 0.659691
0.278985 0.659597
0.279229 0.659503
0.279473 0.659408
0.279717 0.659313
0.279961 0.659218
0.280205 0.659122
0.280449 0.659026
0.280693 0.658929
0.280937 0.658832
0.281181 0.658735
0.281425 0.658638
0.28167 0.65854
0.281914 0.658441
0.282158 0.658343
0.282402 0.658244
0.282646 0.658144
0.28289 0.658045
0.283134 0.657945
0.283378 0.657844
0.283622 0.657744
0.283866 0.657642
0.28411 0.657541
0.284354 0.657439
0.284598 0.657337
0.284843 0.657235
0.285087 0.657132
0.285331 0.657029
0.285575 0.656925
0.285819 0.656821
0.286063 0.656717
0.286307 0.656612
0.286551 0.656508
0.286795 0.656402
0.287039 0.656297
0.287283 0.656191
0.287527 0.656085
0.287772 0.655978
0.288016 0.655871
0.28826 0.655764
0.288504 0.655656
0.288748 0.655548
0.288992 0.65544
0.289236 0.655332
0.28948 0.655223
0.289724 0.655113
0.289968 0.655004
0.290212 0.654894
0.290456 0.654784
0.290701 0.654673
0.290945 0.654562
0.291189 0.654451
0.291433 0.65434
0.291677 0.654228
0.291921 0.654116
0.292165 0.654003
0.292409 0.65389
0.292653 0.653777
0.292897 0.653664
0.293141 0.65355
0.293385 0.653436
0.293629 0.653322
0.293874 0.653207
0.294118 0.653092
0.294362 0.652976
0.294606 0.652861
0.29485 0.652745
0.295094 0.652629
0.295338 0.652512
0.295582 0.652395
0.295826 0.652278
0.29607 0.65216
0.296314 0.652042
0.296558 0.651924
0.296803 0.651806
0.297047 0.651687
0.297291 0.651568
0.297535 0.651449
0.297779 0.651329
0.298023 0.651209
0.298267 0.651089
0.298511 0.650968
0.298755 0.650847
0.298999 0.650726
0.299243 0.650605
0.299487 0.650483
0.299732 0.650361
0.299976 0.650238
0.30022 0.650116
0.300464 0.649993
0.300708 0.64987
0.300952 0.649746
0.301196 0.649622
0.30144 0.649498
0.301684 0.649374
0.301928 0.649249
0.302172 0.649124
0.302416 0.648999
0.30266 0.648873
0.302905 0.648747
0.303149 0.648621
0.303393 0.648494
0.303637 0.648368
0.303881 0.648241
0.304125 0.648113
0.304369 0.647986
0.304613 0.647858
0.304857 0.64773
0.305101 0.647601
0.305345 0.647473
0.305589 0.647344
0.305834 0.647214
0.306078 0.647085
0.306322 0.646955
0.306566 0.646825
0.30681 0.646694
0.307054 0.646564
0.307298 0.646433
0.307542 0.646301
0.307786 0.64617
0.30803 0.646038
0.308274 0.645906
0.308518 0.645774
0.308763 0.645641
0.309007 0.645508
0.309251 0.645375
0.309495 0.645242
0.309739 0.645108
0.309983 0.644974
0.310227 0.64484
0.310471 0.644705
0.310715 0.64457
0.310959 0.644435
0.311203 0.6443
0.311447 0.644165
0.311691 0.644029
0.311936 0.643893
0.31218 0.643756
0.312424 0.64362
0.312668 0.643483
0.312912 0.643346
0.313156 0.643208
0.3134 0.643071
0.313644 0.642933
0.313888 0.642795
0.314132 0.642656
0.314376 0.642517
0.31462 0.642378
0.314865 0.642239
0.315109 0.6421
0.315353 0.64196
0.315597 0.64182
0.315841 0.64168
0.316085 0.641539
0.316329 0.641399
0.316573 0.641258
0.316817 0.641116
0.317061 0.640975
0.317305 0.640833
0.317549 0.640691
0.317794 0.640549
0.318038 0.640407
0.318282 0.640264
0.318526 0.640121
0.31877 0.639978
0.319014 0.639834
0.319258 0.63969
0.319502 0.639546
0.319746 0.639402
0.31999 0.639258
0.320234 0.639113
0.320478 0.638968
0.320722 0.638823
0.320967 0.638678
0.321211 0.638532
0.321455 0.638386
0.321699 0.63824
0.321943 0.638094
0.322187 0.637947
0.322431 0.6378
0.322675 0.637653
0.322919 0.637506
0.323163 0.637358
0.323407 0.63721
0.323651 0.637062
0.323896 0.636914
0.32414 0.636766
0.324384 0.636617
0.324628 0.636468
0.324872 0.636319
0.325116 0.636169
0.32536 0.63602
0.325604 0.63587
0.325848 0.63572
0.326092 0.635569
0.326336 0.635419
0.32658 0.635268
0.326825 0.635117
0.327069 0.634966
0.327313 0.634814
0.327557 0.634662
0.327801 0.63451
0.328045 0.634358
0.328289 0.634206
0.328533 0.634053
0.328777 0.6339
0.329021 0.633747
0.329265 0.633594
0.329509 0.633441
0.329753 0.633287
0.329998 0.633133
0.330242 0.632979
0.330486 0.632825
0.33073 0.63267
0.330974 0.632515
0.331218 0.63236
0.331462 0.632205
0.331706 0.632049
0.33195 0.631894
0.332194 0.631738
0.332438 0.631582
0.332682 0.631425
0.332927 0.631269
0.333171 0.631112
0.333415 0.630955
0.333659 0.630798
0.333903 0.630641
0.334147 0.630483
0.334391 0.630325
0.334635 0.630167
0.334879 0.630009
0.335123 0.629851
0.335367 0.629692
0.335611 0.629533
0.335856 0.629374
0.3361 0.629215
0.336344 0.629055
0.336588 0.628896
0.336832 0.628736
0.337076 0.628576
0.33732 0.628415
0.337564 0.628255
0.337808 0.628094
0.338052 0.627933
0.338296 0.627772
0.33854 0.627611
0.338784 0.627449
0.339029 0.627287
0.339273 0.627126
0.339517 0.626963
0.339761 0.626801
0.340005 0.626639
0.340249 0.626476
0.340493 0.626313
0.340737 0.62615
0.340981 0.625987
0.341225 0.625823
0.341469 0.625659
0.341713 0.625495
0.341958 0.625331
0.342202 0.625167
0.342446 0.625003
0.34269 0.624838
0.342934 0.624673
0.343178 0.624508
0.343422 0.624343
0.343666 0.624177
0.34391 0.624012
0.344154 0.623846
0.344398 0.62368
0.344642 0.623514
0.344887 0.623347
0.345131 0.623181
0.345375 0.623014
0.345619 0.622847
0.345863 0.62268
0.346107 0.622512
0.346351 0.622345
0.346595 0.622177
0.346839 0.622009
0.347083 0.621841
0.347327 0.621673
0.347571 0.621504
0.347815 0.621336
0.34806 0.621167
0.348304 0.620998
0.348548 0.620829
0.348792 0.620659
0.349036 0.62049
0.34928 0.62032
0.349524 0.62015
0.349768 0.61998
0.350012 0.61981
0.350256 0.619639
0.3505 0.619469
0.350744 0.619298
0.350989 0.619127
0.351233 0.618956
0.351477 0.618784
0.351721 0.618613
0.351965 0.618441
0.352209 0.618269
0.352453 0.618097
0.352697 0.617925
0.352941 0.617752
0.353185 0.61758
0.353429 0.617407
0.353673 0.617234
0.353918 0.617061
0.354162 0.616888
0.354406 0.616714
0.35465 0.616541
0.354894 0.616367
0.355138 0.616193
0.355382 0.616019
0.355626 0.615844
0.35587 0.61567
0.356114 0.615495
0.356358 0.61532
0.356602 0.615145
0.356846 0.61497
0.357091 0.614795
0.357335 0.614619
0.357579 0.614444
0.357823 0.614268
0.358067 0.614092
0.358311 0.613916
0.358555 0.61374
0.358799 0.613563
0.359043 0.613386
0.359287 0.61321
0.359531 0.613033
0.359775 0.612855
0.36002 0.612678
0.360264 0.612501
0.360508 0.612323
0.360752 0.612145
0.360996 0.611967
0.36124 0.611789
0.361484 0.611611
0.361728 0.611432
0.361972 0.611254
0.362216 0.611075
0.36246 0.610896
0.362704 0.610717
0.362948 0.610538
0.363193 0.610358
0.363437 0.610179
0.363681 0.609999
0.363925 0.609819
0.364169 0.609639
0.364413 0.609459
0.364657 0.609279
0.364901 0.609098
0.365145 0.608918
0.365389 0.608737
0.365633 0.608556
0.365877 0.608375
0.366122 0.608194
0.366366 0.608012
0.36661 0.607831
0.366854 0.607649
0.367098 0.607467
0.367342 0.607285
0.367586 0.607103
0.36783 0.60692
0.368074 0.606738
0.368318 0.606555
0.368562 0.606373
0.368806 0.60619
0.369051 0.606007
0.369295 0.605823
0.369539 0.60564
0.369783 0.605456
0.370027 0.605273
0.370271 0.605089
0.370515 0.604905
0.370759 0.604721
0.371003 0.604537
0.371247 0.604352
0.371491 0.604168
0.371735 0.603983
0.371979 0.603798
0.372224 0.603613
0.372468 0.603428
0.372712 0.603243
0.372956 0.603057
0.3732 0.602872
0.373444 0.602686
0.373688 0.6025
0.373932 0.602314
0.374176 0.602128
0.37442 0.601942
0.374664 0.601756
0.374908 0.601569
0.375153 0.601382
0.375397 0.601195
0.375641 0.601008
0.375885 0.600821
0.376129 0.600634
0.376373 0.600447
0.376617 0.600259
0.376861 0.600072
0.377105 0.599884
0.377349 0.599696
0.377593 0.599508
0.377837 0.59932
0.378082 0.599131
0.378326 0.598943
0.37857 0.598754
0.378814 0.598565
0.379058 0.598377
0.379302 0.598188
0.379546 0.597998
0.37979 0.597809
0.380034 0.59762
0.380278 0.59743
0.380522 0.59724
0.380766 0.597051
0.38101 0.596861
0.381255 0.596671
0.381499 0.59648
0.381743 0.59629
0.381987 0.5961
0.382231 0.595909
0.382475 0.595718
0.382719 0.595527
0.382963 0.595336
0.383207 0.595145
0.383451 0.594954
0.383695 0.594763
0.383939 0.594571
0.384184 0.594379
0.384428 0.594188
0.384672 0.593996
0.384916 0.593804
0.38516 0.593612
0.385404 0.593419
0.385648 0.593227
0.385892 0.593034
0.386136 0.592842
0.38638 0.592649
0.386624 0.592456
0.386868 0.592263
0.387113 0.59207
0.387357 0.591877
0.387601 0.591683
0.387845 0.59149
0.388089 0.591296
0.388333 0.591102
0.388577 0.590908
0.388821 0.590714
0.389065 0.59052
0.389309 0.590326
0.389553 0.590132
0.389797 0.589937
0.390041 0.589742
0.390286 0.589548
0.39053 0.589353
0.390774 0.589158
0.391018 0.588963
0.391262 0.588767
0.391506 0.588572
0.39175 0.588377
0.391994 0.588181
0.392238 0.587985
0.392482 0.58779
0.392726 0.587594
0.39297 0.587398
0.393215 0.587201
0.393459 0.587005
0.393703 0.586809
0.393947 0.586612
0.394191 0.586416
0.394435 0.586219
0.394679 0.586022
0.394923 0.585825
0.395167 0.585628
0.395411 0.585431
0.395655 0.585233
0.395899 0.585036
0.396144 0.584838
0.396388 0.584641
0.396632 0.584443
0.396876 0.584245
0.39712 0.584047
0.397364 0.583849
0.397608 0.583651
0.397852 0.583452
0.398096 0.583254
0.39834 0.583055
0.398584 0.582857
0.398828 0.582658
0.399072 0.582459
0.399317 0.58226
0.399561 0.582061
0.399805 0.581862
0.400049 0.581662
0.400293 0.581463
0.400537 0.581263
0.400781 0.581064
0.401025 0.580864
0.401269 0.580664
0.401513 0.580464
0.401757 0.580264
0.402001 0.580064
0.402246 0.579863
0.40249 0.579663
0.402734 0.579463
0.402978 0.579262
0.403222 0.579061
0.403466 0.57886
0.40371 0.578659
0.403954 0.578458
0.404198 0.578257
0.404442 0.578056
0.404686 0.577855
0.40493 0.577653
0.405175 0.577452
0.405419 0.57725
0.405663 0.577048
0.405907 0.576846
0.406151 0.576644
0.406395 0.576442
0.406639 0.57624
0.406883 0.576038
0.407127 0.575835
0.407371 0.575633
0.407615 0.57543
0.407859 0.575228
0.408103 0.575025
0.408348 0.574822
0.408592 0.574619
0.408836 0.574416
0.40908 0.574213
0.409324 0.574009
0.409568 0.573806
0.409812 0.573602
0.410056 0.573399
0.4103 0.573195
0.410544 0.572991
0.410788 0.572787
0.411032 0.572583
0.411277 0.572379
0.411521 0.572175
0.411765 0.571971
0.412009 0.571767
0.412253 0.571562
0.412497 0.571358
0.412741 0.571153
0.412985 0.570948
0.413229 0.570743
0.413473 0.570538
0.413717 0.570333
0.413961 0.570128
0.414206 0.569923
0.41445 0.569718
0.414694 0.569512
0.414938 0.569307
0.415182 0.569101
0.415426 0.568895
0.41567 0.568689
0.415914 0.568484
0.416158 0.568278
0.416402 0.568071
0.416646 0.567865
0.41689 0.567659
0.417134 0.567453
0.417379 0.567246
0.417623 0.56704
0.417867 0.566833
0.418111 0.566626
0.418355 0.56642
0.418599 0.566213
0.418843 0.566006
0.419087 0.565799
0.419331 0.565591
0.419575 0.565384
0.419819 0.565177
0.420063 0.564969
0.420308 0.564762
0.420552 0.564554
0.420796 0.564346
0.42104 0.564139
0.421284 0.563931
0.421528 0.563723
0.421772 0.563515
0.422016 0.563306
0.42226 0.563098
0.422504 0.56289
0.422748 0.562682
0.422992 0.562473
0.423237 0.562264
0.423481 0.562056
0.423725 0.561847
0.423969 0.561638
0.424213 0.561429
0.424457 0.56122
0.424701 0.561011
0.424945 0.560802
0.425189 0.560593
0.425433 0.560383
0.425677 0.560174
0.425921 0.559964
0.426165 0.559755
0.42641 0.559545
0.426654 0.559335
0.426898 0.559125
0.427142 0.558915
0.427386 0.558705
0.42763 0.558495
0.427874 0.558285
0.428118 0.558075
0.428362 0.557864
0.428606 0.557654
0.42885 0.557443
0.429094 0.557233
0.429339 0.557022
0.429583 0.556811
0.429827 0.5566
0.430071 0.55639
0.430315 0.556178
0.430559 0.555967
0.430803 0.555756
0.431047 0.555545
0.431291 0.555334
0.431535 0.555122
0.431779 0.554911
0.432023 0.554699
0.432268 0.554487
0.432512 0.554276
0.432756 0.554064
0.433 0.553852
0.433244 0.55364
0.433488 0.553428
0.433732 0.553216
0.433976 0.553004
0.43422 0.552791
0.434464 0.552579
0.434708 0.552367
0.434952 0.552154
0.435196 0.551942
0.435441 0.551729
0.435685 0.551516
0.435929 0.551303
0.436173 0.55109
0.436417 0.550877
0.436661 0.550664
0.436905 0.550451
0.437149 0.550238
0.437393 0.550025
0.437637 0.549811
0.437881 0.549598
0.438125 0.549385
0.43837 0.549171
0.438614 0.548957
0.438858 0.548744
0.439102 0.54853
0.439346 0.548316
0.43959 0.548102
0.439834 0.547888
0.440078 0.547674
0.440322 0.54746
0.440566 0.547245
0.44081 0.547031
0.441054 0.546817
0.441299 0.546602
0.441543 0.546388
0.441787 0.546173
0.442031 0.545959
0.442275 0.545744
0.442519 0.545529
0.442763 0.545314
0.443007 0.545099
0.443251 0.544884
0.443495 0.544669
0.443739 0.544454
0.443983 0.544239
0.444227 0.544023
0.444472 0.543808
0.444716 0.543592
0.44496 0.543377
0.445204 0.543161
0.445448 0.542946
0.445692 0.54273
0.445936 0.542514
0.44618 0.542298
0.446424 0.542082
0.446668 0.541866
0.446912 0.54165
0.447156 0.541434
0.447401 0.541218
0.447645 0.541002
0.447889 0.540785
0.448133 0.540569
0.448377 0.540352
0.448621 0.540136
0.448865 0.539919
0.449109 0.539703
0.449353 0.539486
0.449597 0.539269
0.449841 0.539052
0.450085 0.538835
0.45033 0.538618
0.450574 0.538401
0.450818 0.538184
0.451062 0.537967
0.451306 0.53775
0.45155 0.537532
0.451794 0.537315
0.452038 0.537097
0.452282 0.53688
0.452526 0.536662
0.45277 0.536445
0.453014 0.536227
0.453258 0.536009
0.453503 0.535791
0.453747 0.535573
0.453991 0.535355
0.454235 0.535137
0.454479 0.534919
0.454723 0.534701
0.454967 0.534483
0.455211 0.534264
0.455455 0.534046
0.455699 0.533828
0.455943 0.533609
0.456187 0.533391
0.456432 0.533172
0.456676 0.532953
0.45692 0.532735
0.457164 0.532516
0.457408 0.532297
0.457652 0.532078
0.457896 0.531859
0.45814 0.53164
0.458384 0.531421
0.458628 0.531202
0.458872 0.530982
0.459116 0.530763
0.459361 0.530544
0.459605 0.530324
0.459849 0.530105
0.460093 0.529885
0.460337 0.529666
0.460581 0.529446
0.460825 0.529226
0.461069 0.529007
0.461313 0.528787
0.461557 0.528567
0.461801 0.528347
0.462045 0.528127
0.462289 0.527907
0.462534 0.527687
0.462778 0.527467
0.463022 0.527246
0.463266 0.527026
0.46351 0.526806
0.463754 0.526585
0.463998 0.526365
0.464242 0.526144
0.464486 0.525924
0.46473 0.525703
0.464974 0.525482
0.465218 0.525262
0.465463 0.525041
0.465707 0.52482
0.465951 0.524599
0.466195 0.524378
0.466439 0.524157
0.466683 0.523936
0.466927 0.523715
0.467171 0.523494
0.467415 0.523272
0.467659 0.523051
0.467903 0.52283
0.468147 0.522608
0.468392 0.522387
0.468636 0.522165
0.46888 0.521944
0.469124 0.521722
0.469368 0.5215
0.469612 0.521279
0.469856 0.521057
0.4701 0.520835
0.470344 0.520613
0.470588 0.520391
0.470832 0.520169
0.471076 0.519947
0.47132 0.519725
0.471565 0.519503
0.471809 0.51928
0.472053 0.519058
0.472297 0.518836
0.472541 0.518613
0.472785 0.518391
0.473029 0.518168
0.473273 0.517946
0.473517 0.517723
0.473761 0.5175
0.474005 0.517278
0.474249 0.517055
0.474494 0.516832
0.474738 0.516609
0.474982 0.516386
0.475226 0.516163
0.47547 0.51594
0.475714 0.515717
0.475958 0.515494
0.476202 0.515271
0.476446 0.515048
0.47669 0.514824
0.476934 0.514601
0.477178 0.514378
0.477423 0.514154
0.477667 0.513931
0.477911 0.513707
0.478155 0.513484
0.478399 0.51326
0.478643 0.513036
0.478887 0.512813
0.479131 0.512589
0.479375 0.512365
0.479619 0.512141
0.479863 0.511917
0.480107 0.511693
0.480351 0.511469
0.480596 0.511245
0.48084 0.511021
0.481084 0.510797
0.481328 0.510573
0.481572 0.510348
0.481816 0.510124
0.48206 0.5099
0.482304 0.509675
0.482548 0.509451
0.482792 0.509226
0.483036 0.509002
0.48328 0.508777
0.483525 0.508552
0.483769 0.508328
0.484013 0.508103
0.484257 0.507878
0.484501 0.507653
0.484745 0.507428
0.484989 0.507204
0.485233 0.506979
0.485477 0.506753
0.485721 0.506528
0.485965 0.506303
0.486209 0.506078
0.486454 0.505853
0.486698 0.505628
0.486942 0.505402
0.487186 0.505177
0.48743 0.504952
0.487674 0.504726
0.487918 0.504501
0.488162 0.504275
0.488406 0.50405
0.48865 0.503824
0.488894 0.503598
0.489138 0.503373
0.489382 0.503147
0.489627 0.502921
0.489871 0.502695
0.490115 0.502469
0.490359 0.502243
0.490603 0.502017
0.490847 0.501791
0.491091 0.501565
0.491335 0.501339
0.491579 0.501113
0.491823 0.500887
0.492067 0.500661
0.492311 0.500434
0.492556 0.500208
0.4928 0.499982
0.493044 0.499755
0.493288 0.499529
0.493532 0.499302
0.493776 0.499076
0.49402 0.498849
0.494264 0.498622
0.494508 0.498396
0.494752 0.498169
0.494996 0.497942
0.49524 0.497715
0.495485 0.497489
0.495729 0.497262
0.495973 0.497035
0.496217 0.496808
0.496461 0.496581
0.496705 0.496354
0.496949 0.496127
0.497193 0.4959
0.497437 0.495672
0.497681 0.495445
0.497925 0.495218
0.498169 0.494991
0.498413 0.494763
0.498658 0.494536
0.498902 0.494308
0.499146 0.494081
0.49939 0.493853
0.499634 0.493626
0.499878 0.493398
0.500122 0.493171
0.500366 0.492943
0.50061 0.492715
0.500854 0.492488
0.501098 0.49226
0.501342 0.492032
0.501587 0.491804
0.501831 0.491576
0.502075 0.491348
0.502319 0.49112
0.502563 0.490892
0.502807 0.490664
0.503051 0.490436
0.503295 0.490208
0.503539 0.48998
0.503783 0.489752
0.504027 0.489523
0.504271 0.489295
0.504515 0.489067
0.50476 0.488838
0.505004 0.48861
0.505248 0.488381
0.505492 0.488153
0.505736 0.487924
0.50598 0.487696
0.506224 0.487467
0.506468 0.487239
0.506712 0.48701
0.506956 0.486781
0.5072 0.486553
0.507444 0.486324
0.507689 0.486095
0.507933 0.485866
0.508177 0.485637
0.508421 0.485408
0.508665 0.485179
0.508909 0.48495
0.509153 0.484721
0.509397 0.484492
0.509641 0.484263
0.509885 0.484034
0.510129 0.483805
0.510373 0.483575
0.510618 0.483346
0.510862 0.483117
0.511106 0.482888
0.51135 0.482658
0.511594 0.482429
0.511838 0.482199
0.512082 0.48197
0.512326 0.48174
0.51257 0.481511
0.512814 0.481281
0.513058 0.481052
0.513302 0.480822
0.513546 0.480592
0.513791 0.480363
0.514035 0.480133
0.514279 0.479903
0.514523 0.479673
0.514767 0.479443
0.515011 0.479213
0.515255 0.478983
0.515499 0.478753
0.515743 0.478523
0.515987 0.478293
0.516231 0.478063
0.516475 0.477833
0.51672 0.477603
0.516964 0.477373
0.517208 0.477143
0.517452 0.476913
0.517696 0.476682
0.51794 0.476452
0.518184 0.476222
0.518428 0.475991
0.518672 0.475761
0.518916 0.47553
0.51916 0.4753
0.519404 0.475069
0.519649 0.474839
0.519893 0.474608
0.520137 0.474378
0.520381 0.474147
0.520625 0.473916
0.520869 0.473686
0.521113 0.473455
0.521357 0.473224
0.521601 0.472993
0.521845 0.472763
0.522089 0.472532
0.522333 0.472301
0.522577 0.47207
0.522822 0.471839
0.523066 0.471608
0.52331 0.471377
0.523554 0.471146
0.523798 0.470915
0.524042 0.470684
0.524286 0.470452
0.52453 0.470221
0.524774 0.46999
0.525018 0.469759
0.525262 0.469527
0.525506 0.469296
0.525751 0.469065
0.525995 0.468833
0.526239 0.468602
0.526483 0.468371
0.526727 0.468139
0.526971 0.467908
0.527215 0.467676
0.527459 0.467445
0.527703 0.467213
0.527947 0.466981
0.528191 0.46675
0.528435 0.466518
0.52868 0.466286
0.528924 0.466055
0.529168 0.465823
0.529412 0.465591
0.529656 0.465359
0.5299 0.465127
0.530144 0.464895
0.530388 0.464664
0.530632 0.464432
0.530876 0.4642
0.53112 0.463968
0.531364 0.463736
0.531608 0.463503
0.531853 0.463271
0.532097 0.463039
0.532341 0.462807
0.532585 0.462575
0.532829 0.462343
0.533073 0.46211
0.533317 0.461878
0.533561 0.461646
0.533805 0.461414
0.534049 0.461181
0.534293 0.460949
0.534537 0.460716
0.534782 0.460484
0.535026 0.460251
0.53527 0.460019
0.535514 0.459786
0.535758 0.459554
0.536002 0.459321
0.536246 0.459089
0.53649 0.458856
0.536734 0.458623
0.536978 0.458391
0.537222 0.458158
0.537466 0.457925
0.537711 0.457692
0.537955 0.45746
0.538199 0.457227
0.538443 0.456994
0.538687 0.456761
0.538931 0.456528
0.539175 0.456295
0.539419 0.456062
0.539663 0.455829
0.539907 0.455596
0.540151 0.455363
0.540395 0.45513
0.540639 0.454897
0.540884 0.454664
0.541128 0.454431
0.541372 0.454198
0.541616 0.453964
0.54186 0.453731
0.542104 0.453498
0.542348 0.453265
0.542592 0.453031
0.542836 0.452798
0.54308 0.452565
0.543324 0.452331
0.543568 0.452098
0.543813 0.451864
0.544057 0.451631
0.544301 0.451397
0.544545 0.451164
0.544789 0.45093
0.545033 0.450697
0.545277 0.450463
0.545521 0.450229
0.545765 0.449996
0.546009 0.449762
0.546253 0.449528
0.546497 0.449295
0.546742 0.449061
0.546986 0.448827
0.54723 0.448593
0.547474 0.44836
0.547718 0.448126
0.547962 0.447892
0.548206 0.447658
0.54845 0.447424
0.548694 0.44719
0.548938 0.446956
0.549182 0.446722
0.549426 0.446488
0.54967 0.446254
0.549915 0.44602
0.550159 0.445786
0.550403 0.445552
0.550647 0.445318
0.550891 0.445083
0.551135 0.444849
0.551379 0.444615
0.551623 0.444381
0.551867 0.444146
0.552111 0.443912
0.552355 0.443678
0.552599 0.443443
0.552844 0.443209
0.553088 0.442975
0.553332 0.44274
0.553576 0.442506
0.55382 0.442271
0.554064 0.442037
0.554308 0.441802
0.554552 0.441568
0.554796 0.441333
0.55504 0.441099
0.555284 0.440864
0.555528 0.44063
0.555773 0.440395
0.556017 0.44016
0.556261 0.439926
0.556505 0.439691
0.556749 0.439456
0.556993 0.439221
0.557237 0.438987
0.557481 0.438752
0.557725 0.438517
0.557969 0.438282
0.558213 0.438047
0.558457 0.437812
0.558701 0.437577
0.558946 0.437343
0.55919 0.437108
0.559434 0.436873
0.559678 0.436638
0.559922 0.436403
0.560166 0.436168
0.56041 0.435932
0.560654 0.435697
0.560898 0.435462
0.561142 0.435227
0.561386 0.434992
0.56163 0.434757
0.561875 0.434522
0.562119 0.434286
0.562363 0.434051
0.562607 0.433816
0.562851 0.433581
0.563095 0.433345
0.563339 0.43311
0.563583 0.432875
0.563827 0.432639
0.564071 0.432404
0.564315 0.432168
0.564559 0.431933
0.564804 0.431697
0.565048 0.431462
0.565292 0.431227
0.565536 0.430991
0.56578 0.430755
0.566024 0.43052
0.566268 0.430284
0.566512 0.430049
0.566756 0.429813
0.567 0.429577
0.567244 0.429342
0.567488 0.429106
0.567732 0.42887
0.567977 0.428635
0.568221 0.428399
0.568465 0.428163
0.568709 0.427927
0.568953 0.427692
0.569197 0.427456
0.569441 0.42722
0.569685 0.426984
0.569929 0.426748
0.570173 0.426512
0.570417 0.426276
0.570661 0.42604
0.570906 0.425804
0.57115 0.425568
0.571394 0.425332
0.571638 0.425096
0.571882 0.42486
0.572126 0.424624
0.57237 0.424388
0.572614 0.424152
0.572858 0.423916
0.573102 0.42368
0.573346 0.423444
0.57359 0.423207
0.573835 0.422971
0.574079 0.422735
0.574323 0.422499
0.574567 0.422263
0.574811 0.422026
0.575055 0.42179
0.575299 0.421554
0.575543 0.421317
0.575787 0.421081
0.576031 0.420845
0.576275 0.420608
0.576519 0.420372
0.576763 0.420135
0.577008 0.419899
0.577252 0.419662
0.577496 0.419426
0.57774 0.419189
0.577984 0.418953
0.578228 0.418716
0.578472 0.41848
0.578716 0.418243
0.57896 0.418007
0.579204 0.41777
0.579448 0.417533
0.579692 0.417297
0.579937 0.41706
0.580181 0.416823
0.580425 0.416587
0.580669 0.41635
0.580913 0.416113
0.581157 0.415877
0.581401 0.41564
0.581645 0.415403
0.581889 0.415166
0.582133 0.414929
0.582377 0.414692
0.582621 0.414456
0.582866 0.414219
0.58311 0.413982
0.583354 0.413745
0.583598 0.413508
0.583842 0.413271
0.584086 0.413034
0.58433 0.412797
0.584574 0.41256
0.584818 0.412323
0.585062 0.412086
0.585306 0.411849
0.58555 0.411612
0.585794 0.411375
0.586039 0.411138
0.586283 0.410901
0.586527 0.410663
0.586771 0.410426
0.587015 0.410189
0.587259 0.409952
0.587503 0.409715
0.587747 0.409477
0.587991 0.40924
0.588235 0.409003
0.588479 0.408766
0.588723 0.408528
0.588968 0.408291
0.589212 0.408054
0.589456 0.407816
0.5897 0.407579
0.589944 0.407342
0.590188 0.407104
0.590432 0.406867
0.590676 0.40663
0.59092 0.406392
0.591164 0.406155
0.591408 0.405917
0.591652 0.40568
0.591897 0.405442
0.592141 0.405205
0.592385 0.404967
0.592629 0.40473
0.592873 0.404492
0.593117 0.404254
0.593361 0.404017
0.593605 0.403779
0.593849 0.403542
0.594093 0.403304
0.594337 0.403066
0.594581 0.402829
0.594825 0.402591
0.59507 0.402353
0.595314 0.402116
0.595558 0.401878
0.595802 0.40164
0.596046 0.401402
0.59629 0.401164
0.596534 0.400927
0.596778 0.400689
0.597022 0.400451
0.597266 0.400213
0.59751 0.399975
0.597754 0.399737
0.597999 0.3995
0.598243 0.399262
0.598487 0.399024
0.598731 0.398786
0.598975 0.398548
0.599219 0.39831
0.599463 0.398072
0.599707 0.397834
0.599951 0.397596
0.600195 0.397358
0.600439 0.39712
0.600683 0.396882
0.600928 0.396644
0.601172 0.396406
0.601416 0.396168
0.60166 0.395929
0.601904 0.395691
0.602148 0.395453
0.602392 0.395215
0.602636 0.394977
0.60288 0.394739
0.603124 0.3945
0.603368 0.394262
0.603612 0.394024
0.603856 0.393786
0.604101 0.393548
0.604345 0.393309
0.604589 0.393071
0.604833 0.392833
0.605077 0.392594
0.605321 0.392356
0.605565 0.392118
0.605809 0.391879
0.606053 0.391641
0.606297 0.391403
0.606541 0.391164
0.606785 0.390926
0.60703 0.390687
0.607274 0.390449
0.607518 0.39021
0.607762 0.389972
0.608006 0.389734
0.60825 0.389495
0.608494 0.389257
0.608738 0.389018
0.608982 0.388779
0.609226 0.388541
0.60947 0.388302
0.609714 0.388064
0.609959 0.387825
0.610203 0.387587
0.610447 0.387348
0.610691 0.387109
0.610935 0.386871
0.611179 0.386632
0.611423 0.386393
0.611667 0.386155
0.611911 0.385916
0.612155 0.385677
0.612399 0.385439
0.612643 0.3852
0.612887 0.384961
0.613132 0.384722
0.613376 0.384484
0.61362 0.384245
0.613864 0.384006
0.614108 0.383767
0.614352 0.383528
0.614596 0.38329
0.61484 0.383051
0.615084 0.382812
0.615328 0.382573
0.615572 0.382334
0.615816 0.382095
0.616061 0.381856
0.616305 0.381617
0.616549 0.381378
0.616793 0.381139
0.617037 0.380901
0.617281 0.380662
0.617525 0.380423
0.617769 0.380184
0.618013 0.379945
0.618257 0.379706
0.618501 0.379466
0.618745 0.379227
0.61899 0.378988
0.619234 0.378749
0.619478 0.37851
0.619722 0.378271
0.619966 0.378032
0.62021 0.377793
0.620454 0.377554
0.620698 0.377315
0.620942 0.377075
0.621186 0.376836
0.62143 0.376597
0.621674 0.376358
0.621918 0.376119
0.622163 0.375879
0.622407 0.37564
0.622651 0.375401
0.622895 0.375162
0.623139 0.374923
0.623383 0.374683
0.623627 0.374444
0.623871 0.374205
0.624115 0.373965
0.624359 0.373726
0.624603 0.373487
0.624847 0.373247
0.625092 0.373008
0.625336 0.372769
0.62558 0.372529
0.625824 0.37229
0.626068 0.37205
0.626312 0.371811
0.626556 0.371572
0.6268 0.371332
0.627044 0.371093
0.627288 0.370853
0.627532 0.370614
0.627776 0.370374
0.628021 0.370135
0.628265 0.369895
0.628509 0.369656
0.628753 0.369416
0.628997 0.369177
0.629241 0.368937
0.629485 0.368698
0.629729 0.368458
0.629973 0.368218
0.630217 0.367979
0.630461 0.367739
0.630705 0.3675
0.630949 0.36726
0.631194 0.36702
0.631438 0.366781
0.631682 0.366541
0.631926 0.366301
0.63217 0.366062
0.632414 0.365822
0.632658 0.365582
0.632902 0.365343
0.633146 0.365103
0.63339 0.364863
0.633634 0.364623
0.633878 0.364384
0.634123 0.364144
0.634367 0.363904
0.634611 0.363664
0.634855 0.363425
0.635099 0.363185
0.635343 0.362945
0.635587 0.362705
0.635831 0.362465
0.636075 0.362225
0.636319 0.361986
0.636563 0.361746
0.636807 0.361506
0.637052 0.361266
0.637296 0.361026
0.63754 0.360786
0.637784 0.360546
0.638028 0.360306
0.638272 0.360066
0.638516 0.359826
0.63876 0.359586
0.639004 0.359346
0.639248 0.359107
0.639492 0.358867
0.639736 0.358627
0.63998 0.358387
0.640225 0.358147
0.640469 0.357906
0.640713 0.357666
0.640957 0.357426
0.641201 0.357186
0.641445 0.356946
0.641689 0.356706
0.641933 0.356466
0.642177 0.356226
0.642421 0.355986
0.642665 0.355746
0.642909 0.355506
0.643154 0.355266
0.643398 0.355025
0.643642 0.354785
0.643886 0.354545
0.64413 0.354305
0.644374 0.354065
0.644618 0.353825
0.644862 0.353584
0.645106 0.353344
0.64535 0.353104
0.645594 0.352864
0.645838 0.352623
0.646082 0.352383
0.646327 0.352143
0.646571 0.351903
0.646815 0.351662
0.647059 0.351422
0.647303 0.351182
0.647547 0.350941
0.647791 0.350701
0.648035 0.350461
0.648279 0.35022
0.648523 0.34998
0.648767 0.34974
0.649011 0.349499
0.649256 0.349259
0.6495 0.349019
0.649744 0.348778
0.649988 0.348538
0.650232 0.348298
0.650476 0.348057
0.65072 0.347817
0.650964 0.347576
0.651208 0.347336
0.651452 0.347095
0.651696 0.346855
0.65194 0.346614
0.652185 0.346374
0.652429 0.346133
0.652673 0.345893
0.652917 0.345652
0.653161 0.345412
0.653405 0.345171
0.653649 0.344931
0.653893 0.34469
0.654137 0.34445
0.654381 0.344209
0.654625 0.343969
0.654869 0.343728
0.655113 0.343488
0.655358 0.343247
0.655602 0.343006
0.655846 0.342766
0.65609 0.342525
0.656334 0.342285
0.656578 0.342044
0.656822 0.341803
0.657066 0.341563
0.65731 0.341322
0.657554 0.341081
0.657798 0.340841
0.658042 0.3406
0.658287 0.340359
0.658531 0.340119
0.658775 0.339878
0.659019 0.339637
0.659263 0.339396
0.659507 0.339156
0.659751 0.338915
0.659995 0.338674
0.660239 0.338433
0.660483 0.338193
0.660727 0.337952
0.660971 0.337711
0.661216 0.33747
0.66146 0.33723
0.661704 0.336989
0.661948 0.336748
0.662192 0.336507
0.662436 0.336266
0.66268 0.336026
0.662924 0.335785
0.663168 0.335544
0.663412 0.335303
0.663656 0.335062
0.6639 0.334821
0.664144 0.33458
0.664389 0.334339
0.664633 0.334099
0.664877 0.333858
0.665121 0.333617
0.665365 0.333376
0.665609 0.333135
0.665853 0.332894
0.666097 0.332653
0.666341 0.332412
0.666585 0.332171
0.666829 0.33193
0.667073 0.331689
0.667318 0.331448
0.667562 0.331207
0.667806 0.330966
0.66805 0.330725
0.668294 0.330484
0.668538 0.330243
0.668782 0.330002
0.669026 0.329761
0.66927 0.32952
0.669514 0.329279
0.669758 0.329038
0.670002 0.328797
0.670247 0.328556
0.670491 0.328315
0.670735 0.328074
0.670979 0.327833
0.671223 0.327592
0.671467 0.32735
0.671711 0.327109
0.671955 0.326868
0.672199 0.326627
0.672443 0.326386
0.672687 0.326145
0.672931 0.325904
0.673175 0.325662
0.67342 0.325421
0.673664 0.32518
0.673908 0.324939
0.674152 0.324698
0.674396 0.324457
0.67464 0.324215
0.674884 0.323974
0.675128 0.323733
0.675372 0.323492
0.675616 0.323251
0.67586 0.323009
0.676104 0.322768
0.676349 0.322527
0.676593 0.322286
0.676837 0.322044
0.677081 0.321803
0.677325 0.321562
0.677569 0.32132
0.677813 0.321079
0.678057 0.320838
0.678301 0.320597
0.678545 0.320355
0.678789 0.320114
0.679033 0.319873
0.679278 0.319631
0.679522 0.31939
0.679766 0.319149
0.68001 0.318907
0.680254 0.318666
0.680498 0.318425
0.680742 0.318183
0.680986 0.317942
0.68123 0.3177
0.681474 0.317459
0.681718 0.317218
0.681962 0.316976
0.682206 0.316735
0.682451 0.316493
0.682695 0.316252
0.682939 0.316011
0.683183 0.315769
0.683427 0.315528
0.683671 0.315286
0.683915 0.315045
0.684159 0.314803
0.684403 0.314562
0.684647 0.31432
0.684891 0.314079
0.685135 0.313837
0.68538 0.313596
0.685624 0.313354
0.685868 0.313113
0.686112 0.312871
0.686356 0.31263
0.6866 0.312388
0.686844 0.312147
0.687088 0.311905
0.687332 0.311664
0.687576 0.311422
0.68782 0.311181
0.688064 0.310939
0.688309 0.310698
0.688553 0.310456
0.688797 0.310214
0.689041 0.309973
0.689285 0.309731
0.689529 0.30949
0.689773 0.309248
0.690017 0.309006
0.690261 0.308765
0.690505 0.308523
0.690749 0.308282
0.690993 0.30804
0.691237 0.307798
0.691482 0.307557
0.691726 0.307315
0.69197 0.307073
0.692214 0.306832
0.692458 0.30659
0.692702 0.306348
0.692946 0.306107
0.69319 0.305865
0.693434 0.305623
0.693678 0.305382
0.693922 0.30514
0.694166 0.304898
0.694411 0.304657
0.694655 0.304415
0.694899 0.304173
0.695143 0.303931
0.695387 0.30369
0.695631 0.303448
0.695875 0.303206
0.696119 0.302964
0.696363 0.302723
0.696607 0.302481
0.696851 0.302239
0.697095 0.301997
0.69734 0.301756
0.697584 0.301514
0.697828 0.301272
0.698072 0.30103
0.698316 0.300788
0.69856 0.300547
0.698804 0.300305
0.699048 0.300063
0.699292 0.299821
0.699536 0.299579
0.69978 0.299337
0.700024 0.299096
0.700268 0.298854
0.700513 0.298612
0.700757 0.29837
0.701001 0.298128
0.701245 0.297886
0.701489 0.297644
0.701733 0.297403
0.701977 0.297161
0.702221 0.296919
0.702465 0.296677
0.702709 0.296435
0.702953 0.296193
0.703197 0.295951
0.703442 0.295709
0.703686 0.295467
0.70393 0.295225
0.704174 0.294983
0.704418 0.294741
0.704662 0.2945
0.704906 0.294258
0.70515 0.294016
0.705394 0.293774
0.705638 0.293532
0.705882 0.29329
0.706126 0.293048
0.706371 0.292806
0.706615 0.292564
0.706859 0.292322
0.707103 0.29208
0.707347 0.291838
0.707591 0.291596
0.707835 0.291354
0.708079 0.291112
0.708323 0.29087
0.708567 0.290628
0.708811 0.290386
0.709055 0.290144
0.709299 0.289902
0.709544 0.28966
0.709788 0.289418
0.710032 0.289176
0.710276 0.288933
0.71052 0.288691
0.710764 0.288449
0.711008 0.288207
0.711252 0.287965
0.711496 0.287723
0.71174 0.287481
0.711984 0.287239
0.712228 0.286997
0.712473 0.286755
0.712717 0.286513
0.712961 0.28627
0.713205 0.286028
0.713449 0.285786
0.713693 0.285544
0.713937 0.285302
0.714181 0.28506
0.714425 0.284818
0.714669 0.284576
0.714913 0.284333
0.715157 0.284091
0.715402 0.283849
0.715646 0.283607
0.71589 0.283365
0.716134 0.283123
0.716378 0.28288
0.716622 0.282638
0.716866 0.282396
0.71711 0.282154
0.717354 0.281912
0.717598 0.281669
0.717842 0.281427
0.718086 0.281185
0.71833 0.280943
0.718575 0.280701
0.718819 0.280458
0.719063 0.280216
0.719307 0.279974
0.719551 0.279732
0.719795 0.279489
0.720039 0.279247
0.720283 0.279005
0.720527 0.278763
0.720771 0.27852
0.721015 0.278278
0.721259 0.278036
0.721504 0.277794
0.721748 0.277551
0.721992 0.277309
0.722236 0.277067
0.72248 0.276825
0.722724 0.276582
0.722968 0.27634
0.723212 0.276098
0.723456 0.275855
0.7237 0.275613
0.723944 0.275371
0.724188 0.275128
0.724433 0.274886
0.724677 0.274644
0.724921 0.274401
0.725165 0.274159
0.725409 0.273917
0.725653 0.273674
0.725897 0.273432
0.726141 0.27319
0.726385 0.272947
0.726629 0.272705
0.726873 0.272463
0.727117 0.27222
0.727361 0.271978
0.727606 0.271735
0.72785 0.271493
0.728094 0.271251
0.728338 0.271008
0.728582 0.270766
0.728826 0.270523
0.72907 0.270281
0.729314 0.270039
0.729558 0.269796
0.729802 0.269554
0.730046 0.269311
0.73029 0.269069
0.730535 0.268827
0.730779 0.268584
0.731023 0.268342
0.731267 0.268099
0.731511 0.267857
0.731755 0.267614
0.731999 0.267372
0.732243 0.267129
0.732487 0.266887
0.732731 0.266645
0.732975 0.266402
0.733219 0.26616
0.733464 0.265917
0.733708 0.265675
0.733952 0.265432
0.734196 0.26519
0.73444 0.264947
0.734684 0.264705
0.734928 0.264462
0.735172 0.26422
0.735416 0.263977
0.73566 0.263735
0.735904 0.263492
0.736148 0.26325
0.736392 0.263007
0.736637 0.262765
0.736881 0.262522
0.737125 0.26228
0.737369 0.262037
0.737613 0.261794
0.737857 0.261552
0.738101 0.261309
0.738345 0.261067
0.738589 0.260824
0.738833 0.260582
0.739077 0.260339
0.739321 0.260097
0.739566 0.259854
0.73981 0.259611
0.740054 0.259369
0.740298 0.259126
0.740542 0.258884
0.740786 0.258641
0.74103 0.258399
0.741274 0.258156
0.741518 0.257913
0.741762 0.257671
0.742006 0.257428
0.74225 0.257185
0.742495 0.256943
0.742739 0.2567
0.742983 0.256458
0.743227 0.256215
0.743471 0.255972
0.743715 0.25573
0.743959 0.255487
0.744203 0.255244
0.744447 0.255002
0.744691 0.254759
0.744935 0.254517
0.745179 0.254274
0.745423 0.254031
0.745668 0.253789
0.745912 0.253546
0.746156 0.253303
0.7464 0.253061
0.746644 0.252818
0.746888 0.252575
0.747132 0.252333
0.747376 0.25209
0.74762 0.251847
0.747864 0.251605
0.748108 0.251362
0.748352 0.251119
0.748597 0.250876
0.748841 0.250634
0.749085 0.250391
0.749329 0.250148
0.749573 0.249906
0.749817 0.249663
0.750061 0.24942
0.750305 0.249177
0.750549 0.248935
0.750793 0.248692
0.751037 0.248449
0.751281 0.248207
0.751526 0.247964
0.75177 0.247721
0.752014 0.247478
0.752258 0.247236
0.752502 0.246993
0.752746 0.24675
0.75299 0.246507
0.753234 0.246265
0.753478 0.246022
0.753722 0.245779
0.753966 0.245536
0.75421 0.245293
0.754454 0.245051
0.754699 0.244808
0.754943 0.244565
0.755187 0.244322
0.755431 0.24408
0.755675 0.243837
0.755919 0.243594
0.756163 0.243351
0.756407 0.243108
0.756651 0.242866
0.756895 0.242623
0.757139 0.24238
0.757383 0.242137
0.757628 0.241894
0.757872 0.241651
0.758116 0.241409
0.75836 0.241166
0.758604 0.240923
0.758848 0.24068
0.759092 0.240437
0.759336 0.240194
0.75958 0.239952
0.759824 0.239709
0.760068 0.239466
0.760312 0.239223
0.760557 0.23898
0.760801 0.238737
0.761045 0.238495
0.761289 0.238252
0.761533 0.238009
0.761777 0.237766
0.762021 0.237523
0.762265 0.23728
0.762509 0.237037
0.762753 0.236794
0.762997 0.236552
0.763241 0.236309
0.763485 0.236066
0.76373 0.235823
0.763974 0.23558
0.764218 0.235337
0.764462 0.235094
0.764706 0.234851
0.76495 0.234608
0.765194 0.234365
0.765438 0.234123
0.765682 0.23388
0.765926 0.233637
0.76617 0.233394
0.766414 0.233151
0.766659 0.232908
0.766903 0.232665
0.767147 0.232422
0.767391 0.232179
0.767635 0.231936
0.767879 0.231693
0.768123 0.23145
0.768367 0.231207
0.768611 0.230964
0.768855 0.230721
0.769099 0.230479
0.769343 0.230236
0.769588 0.229993
0.769832 0.22975
0.770076 0.229507
0.77032 0.229264
0.770564 0.229021
0.770808 0.228778
0.771052 0.228535
0.771296 0.228292
0.77154 0.228049
0.771784 0.227806
0.772028 0.227563
0.772272 0.22732
0.772516 0.227077
0.772761 0.226834
0.773005 0.226591
0.773249 0.226348
0.773493 0.226105
0.773737 0.225862
0.773981 0.225619
0.774225 0.225376
0.774469 0.225133
0.774713 0.22489
0.774957 0.224647
0.775201 0.224404
0.775445 0.224161
0.77569 0.223918
0.775934 0.223675
0.776178 0.223432
0.776422 0.223189
0.776666 0.222946
0.77691 0.222703
0.777154 0.22246
0.777398 0.222217
0.777642 0.221974
0.777886 0.22173
0.77813 0.221487
0.778374 0.221244
0.778619 0.221001
0.778863 0.220758
0.779107 0.220515
0.779351 0.220272
0.779595 0.220029
0.779839 0.219786
0.780083 0.219543
0.780327 0.2193
0.780571 0.219057
0.780815 0.218814
0.781059 0.218571
0.781303 0.218328
0.781547 0.218084
0.781792 0.217841
0.782036 0.217598
0.78228 0.217355
0.782524 0.217112
0.782768 0.216869
0.783012 0.216626
0.783256 0.216383
0.7835 0.21614
0.783744 0.215897
0.783988 0.215653
0.784232 0.21541
0.784476 0.215167
0.784721 0.214924
0.784965 0.214681
0.785209 0.214438
0.785453 0.214195
0.785697 0.213952
0.785941 0.213709
0.786185 0.213465
0.786429 0.213222
0.786673 0.212979
0.786917 0.212736
0.787161 0.212493
0.787405 0.21225
0.787649 0.212007
0.787894 0.211763
0.788138 0.21152
0.788382 0.211277
0.788626 0.211034
0.78887 0.210791
0.789114 0.210548
0.789358 0.210305
0.789602 0.210061
0.789846 0.209818
0.79009 0.209575
0.790334 0.209332
0.790578 0.209089
0.790823 0.208846
0.791067 0.208602
0.791311 0.208359
0.791555 0.208116
0.791799 0.207873
0.792043 0.20763
0.792287 0.207386
0.792531 0.207143
0.792775 0.2069
0.793019 0.206657
0.793263 0.206414
0.793507 0.206171
0.793752 0.205927
0.793996 0.205684
0.79424 0.205441
0.794484 0.205198
0.794728 0.204955
0.794972 0.204711
0.795216 0.204468
0.79546 0.204225
0.795704 0.203982
0.795948 0.203738
0.796192 0.203495
0.796436 0.203252
0.79668 0.203009
0.796925 0.202766
0.797169 0.202522
0.797413 0.202279
0.797657 0.202036
0.797901 0.201793
0.798145 0.201549
0.798389 0.201306
0.798633 0.201063
0.798877 0.20082
0.799121 0.200576
0.799365 0.200333
0.799609 0.20009
0.799854 0.199847
0.800098 0.199603
0.800342 0.19936
0.800586 0.199117
0.80083 0.198874
0.801074 0.19863
0.801318 0.198387
0.801562 0.198144
0.801806 0.197901
0.80205 0.197657
0.802294 0.197414
0.802538 0.197171
0.802783 0.196928
0.803027 0.196684
0.803271 0.196441
0.803515 0.196198
0.803759 0.195954
0.804003 0.195711
0.804247 0.195468
0.804491 0.195225
0.804735 0.194981
0.804979 0.194738
0.805223 0.194495
0.805467 0.194251
0.805711 0.194008
0.805956 0.193765
0.8062 0.193522
0.806444 0.193278
0.806688 0.193035
0.806932 0.192792
0.807176 0.192548
0.80742 0.192305
0.807664 0.192062
0.807908 0.191818
0.808152 0.191575
0.808396 0.191332
0.80864 0.191088
0.808885 0.190845
0.809129 0.190602
0.809373 0.190358
0.809617 0.190115
0.809861 0.189872
0.810105 0.189629
0.810349 0.189385
0.810593 0.189142
0.810837 0.188899
0.811081 0.188655
0.811325 0.188412
0.811569 0.188168
0.811814 0.187925
0.812058 0.187682
0.812302 0.187438
0.812546 0.187195
0.81279 0.186952
0.813034 0.186708
0.813278 0.186465
0.813522 0.186222
0.813766 0.185978
0.81401 0.185735
0.814254 0.185492
0.814498 0.185248
0.814742 0.185005
0.814987 0.184762
0.815231 0.184518
0.815475 0.184275
0.815719 0.184031
0.815963 0.183788
0.816207 0.183545
0.816451 0.183301
0.816695 0.183058
0.816939 0.182815
0.817183 0.182571
0.817427 0.182328
0.817671 0.182084
0.817916 0.181841
0.81816 0.181598
0.818404 0.181354
0.818648 0.181111
0.818892 0.180868
0.819136 0.180624
0.81938 0.180381
0.819624 0.180137
0.819868 0.179894
0.820112 0.179651
0.820356 0.179407
0.8206 0.179164
0.820845 0.17892
0.821089 0.178677
0.821333 0.178433
0.821577 0.17819
0.821821 0.177947
0.822065 0.177703
0.822309 0.17746
0.822553 0.177216
0.822797 0.176973
0.823041 0.17673
0.823285 0.176486
0.823529 0.176243
0.823773 0.175999
0.824018 0.175756
0.824262 0.175512
0.824506 0.175269
0.82475 0.175026
0.824994 0.174782
0.825238 0.174539
0.825482 0.174295
0.825726 0.174052
0.82597 0.173808
0.826214 0.173565
0.826458 0.173322
0.826702 0.173078
0.826947 0.172835
0.827191 0.172591
0.827435 0.172348
0.827679 0.172104
0.827923 0.171861
0.828167 0.171617
0.828411 0.171374
0.828655 0.171131
0.828899 0.170887
0.829143 0.170644
0.829387 0.1704
0.829631 0.170157
0.829876 0.169913
0.83012 0.16967
0.830364 0.169426
0.830608 0.169183
0.830852 0.168939
0.831096 0.168696
0.83134 0.168452
0.831584 0.168209
0.831828 0.167965
0.832072 0.167722
0.832316 0.167479
0.83256 0.167235
0.832804 0.166992
0.833049 0.166748
0.833293 0.166505
0.833537 0.166261
0.833781 0.166018
0.834025 0.165774
0.834269 0.165531
0.834513 0.165287
0.834757 0.165044
0.835001 0.1648
0.835245 0.164557
0.835489 0.164313
0.835733 0.16407
0.835978 0.163826
0.836222 0.163583
0.836466 0.163339
0.83671 0.163096
0.836954 0.162852
0.837198 0.162609
0.837442 0.162365
0.837686 0.162122
0.83793 0.161878
0.838174 0.161635
0.838418 0.161391
0.838662 0.161148
0.838907 0.160904
0.839151 0.160661
0.839395 0.160417
0.839639 0.160174
0.839883 0.15993
0.840127 0.159687
0.840371 0.159443
0.840615 0.1592
0.840859 0.158956
0.841103 0.158712
0.841347 0.158469
0.841591 0.158225
0.841835 0.157982
0.84208 0.157738
0.842324 0.157495
0.842568 0.157251
0.842812 0.157008
0.843056 0.156764
0.8433 0.156521
0.843544 0.156277
0.843788 0.156034
0.844032 0.15579
0.844276 0.155546
0.84452 0.155303
0.844764 0.155059
0.845009 0.154816
0.845253 0.154572
0.845497 0.154329
0.845741 0.154085
0.845985 0.153842
0.846229 0.153598
0.846473 0.153355
0.846717 0.153111
0.846961 0.152867
0.847205 0.152624
0.847449 0.15238
0.847693 0.152137
0.847938 0.151893
0.848182 0.15165
0.848426 0.151406
0.84867 0.151163
0.848914 0.150919
0.849158 0.150675
0.849402 0.150432
0.849646 0.150188
0.84989 0.149945
0.850134 0.149701
0.850378 0.149458
0.850622 0.149214
0.850866 0.14897
0.851111 0.148727
0.851355 0.148483
0.851599 0.14824
0.851843 0.147996
0.852087 0.147752
0.852331 0.147509
0.852575 0.147265
0.852819 0.147022
0.853063 0.146778
0.853307 0.146535
0.853551 0.146291
0.853795 0.146047
0.85404 0.145804
0.854284 0.14556
0.854528 0.145317
0.854772 0.145073
0.855016 0.144829
0.85526 0.144586
0.855504 0.144342
0.855748 0.144099
0.855992 0.143855
0.856236 0.143611
0.85648 0.143368
0.856724 0.143124
0.856969 0.142881
0.857213 0.142637
0.857457 0.142393
0.857701 0.14215
0.857945 0.141906
0.858189 0.141663
0.858433 0.141419
0.858677 0.141175
0.858921 0.140932
0.859165 0.140688
0.859409 0.140444
0.859653 0.140201
0.859897 0.139957
0.860142 0.139714
0.860386 0.13947
0.86063 0.139226
0.860874 0.138983
0.861118 0.138739
0.861362 0.138495
0.861606 0.138252
0.86185 0.138008
0.862094 0.137765
0.862338 0.137521
0.862582 0.137277
0.862826 0.137034
0.863071 0.13679
0.863315 0.136546
0.863559 0.136303
0.863803 0.136059
0.864047 0.135815
0.864291 0.135572
0.864535 0.135328
0.864779 0.135085
0.865023 0.134841
0.865267 0.134597
0.865511 0.134354
0.865755 0.13411
0.866 0.133866
0.866244 0.133623
0.866488 0.133379
0.866732 0.133135
0.866976 0.132892
0.86722 0.132648
0.867464 0.132404
0.867708 0.132161
0.867952 0.131917
0.868196 0.131673
0.86844 0.13143
0.868684 0.131186
0.868928 0.130943
0.869173 0.130699
0.869417 0.130455
0.869661 0.130212
0.869905 0.129968
0.870149 0.129724
0.870393 0.129481
0.870637 0.129237
0.870881 0.128993
0.871125 0.12875
0.871369 0.128506
0.871613 0.128262
0.871857 0.128019
0.872102 0.127775
0.872346 0.127531
0.87259 0.127288
0.872834 0.127044
0.873078 0.1268
0.873322 0.126557
0.873566 0.126313
0.87381 0.126069
0.874054 0.125825
0.874298 0.125582
0.874542 0.125338
0.874786 0.125094
0.875031 0.124851
0.875275 0.124607
0.875519 0.124363
0.875763 0.12412
0.876007 0.123876
0.876251 0.123632
0.876495 0.123389
0.876739 0.123145
0.876983 0.122901
0.877227 0.122658
0.877471 0.122414
0.877715 0.12217
0.877959 0.121926
0.878204 0.121683
0.878448 0.121439
0.878692 0.121195
0.878936 0.120952
0.87918 0.120708
0.879424 0.120464
0.879668 0.120221
0.879912 0.119977
0.880156 0.119733
0.8804 0.119489
0.880644 0.119246
0.880888 0.119002
0.881133 0.118758
0.881377 0.118515
0.881621 0.118271
0.881865 0.118027
0.882109 0.117784
0.882353 0.11754
0.882597 0.117296
0.882841 0.117052
0.883085 0.116809
0.883329 0.116565
0.883573 0.116321
0.883817 0.116078
0.884062 0.115834
0.884306 0.11559
0.88455 0.115346
0.884794 0.115103
0.885038 0.114859
0.885282 0.114615
0.885526 0.114372
0.88577 0.114128
0.886014 0.113884
0.886258 0.11364
0.886502 0.113397
0.886746 0.113153
0.88699 0.112909
0.887235 0.112665
0.887479 0.112422
0.887723 0.112178
0.887967 0.111934
0.888211 0.111691
0.888455 0.111447
0.888699 0.111203
0.888943 0.110959
0.889187 0.110716
0.889431 0.110472
0.889675 0.110228
0.889919 0.109984
0.890164 0.109741
0.890408 0.109497
0.890652 0.109253
0.890896 0.109009
0.89114 0.108766
0.891384 0.108522
0.891628 0.108278
0.891872 0.108034
0.892116 0.107791
0.89236 0.107547
0.892604 0.107303
0.892848 0.107059
0.893093 0.106816
0.893337 0.106572
0.893581 0.106328
0.893825 0.106085
0.894069 0.105841
0.894313 0.105597
0.894557 0.105353
0.894801 0.10511
0.895045 0.104866
0.895289 0.104622
0.895533 0.104378
0.895777 0.104134
0.896021 0.103891
0.896266 0.103647
0.89651 0.103403
0.896754 0.103159
0.896998 0.102916
0.897242 0.102672
0.897486 0.102428
0.89773 0.102184
0.897974 0.101941
0.898218 0.101697
0.898462 0.101453
0.898706 0.101209
0.89895 0.100966
0.899195 0.100722
0.899439 0.100478
0.899683 0.100234
0.899927 0.0999905
0.900171 0.0997468
0.900415 0.099503
0.900659 0.0992592
0.900903 0.0990155
0.901147 0.0987717
0.901391 0.0985279
0.901635 0.0982841
0.901879 0.0980404
0.902124 0.0977966
0.902368 0.0975528
0.902612 0.097309
0.902856 0.0970653
0.9031 0.0968215
0.903344 0.0965777
0.903588 0.0963339
0.903832 0.0960901
0.904076 0.0958464
0.90432 0.0956026
0.904564 0.0953588
0.904808 0.095115
0.905052 0.0948712
0.905297 0.0946275
0.905541 0.0943837
0.905785 0.0941399
0.906029 0.0938961
0.906273 0.0936523
0.906517 0.0934085
0.906761 0.0931647
0.907005 0.0929209
0.907249 0.0926772
0.907493 0.0924334
0.907737 0.0921896
0.907981 0.0919458
0.908226 0.091702
0.90847 0.0914582
0.908714 0.0912144
0.908958 0.0909706
0.909202 0.0907268
0.909446 0.090483
0.90969 0.0902392
0.909934 0.0899954
0.910178 0.0897516
0.910422 0.0895078
0.910666 0.089264
0.91091 0.0890202
0.911155 0.0887764
0.911399 0.0885326
0.911643 0.0882888
0.911887 0.088045
0.912131 0.0878012
0.912375 0.0875574
0.912619 0.0873136
0.912863 0.0870698
0.913107 0.086826
0.913351 0.0865822
0.913595 0.0863384
0.913839 0.0860946
0.914083 0.0858508
0.914328 0.085607
0.914572 0.0853632
0.914816 0.0851194
0.91506 0.0848755
0.915304 0.0846317
0.915548 0.0843879
0.915792 0.0841441
0.916036 0.0839003
0.91628 0.0836565
0.916524 0.0834127
0.916768 0.0831689
0.917012 0.082925
0.917257 0.0826812
0.917501 0.0824374
0.917745 0.0821936
0.917989 0.0819498
0.918233 0.081706
0.918477 0.0814621
0.918721 0.0812183
0.918965 0.0809745
0.919209 0.0807307
0.919453 0.0804869
0.919697 0.080243
0.919941 0.0799992
0.920186 0.0797554
0.92043 0.0795116
0.920674 0.0792677
0.920918 0.0790239
0.921162 0.0787801
0.921406 0.0785363
0.92165 0.0782924
0.921894 0.0780486
0.922138 0.0778048
0.922382 0.0775609
0.922626 0.0773171
0.92287 0.0770733
0.923114 0.0768295
0.923359 0.0765856
0.923603 0.0763418
0.923847 0.076098
0.924091 0.0758541
0.924335 0.0756103
0.924579 0.0753665
0.924823 0.0751226
0.925067 0.0748788
0.925311 0.074635
0.925555 0.0743911
0.925799 0.0741473
0.926043 0.0739034
0.926288 0.0736596
0.926532 0.0734158
0.926776 0.0731719
0.92702 0.0729281
0.927264 0.0726842
0.927508 0.0724404
0.927752 0.0721966
0.927996 0.0719527
0.92824 0.0717089
0.928484 0.071465
0.928728 0.0712212
0.928972 0.0709774
0.929216 0.0707335
0.929461 0.0704897
0.929705 0.0702458
0.929949 0.070002
0.930193 0.0697581
0.930437 0.0695143
0.930681 0.0692704
0.930925 0.0690266
0.931169 0.0687827
0.931413 0.0685389
0.931657 0.068295
0.931901 0.0680512
0.932145 0.0678073
0.93239 0.0675635
0.932634 0.0673196
0.932878 0.0670758
0.933122 0.0668319
0.933366 0.0665881
0.93361 0.0663442
0.933854 0.0661004
0.934098 0.0658565
0.934342 0.0656126
0.934586 0.0653688
0.93483 0.0651249
0.935074 0.0648811
0.935319 0.0646372
0.935563 0.0643934
0.935807 0.0641495
0.936051 0.0639056
0.936295 0.0636618
0.936539 0.0634179
0.936783 0.0631741
0.937027 0.0629302
0.937271 0.0626863
0.937515 0.0624425
0.937759 0.0621986
0.938003 0.0619547
0.938247 0.0617109
0.938492 0.061467
0.938736 0.0612232
0.93898 0.0609793
0.939224 0.0607354
0.939468 0.0604916
0.939712 0.0602477
0.939956 0.0600038
0.9402 0.05976
0.940444 0.0595161
0.940688 0.0592722
0.940932 0.0590283
0.941176 0.0587845
0.941421 0.0585406
0.941665 0.0582967
0.941909 0.0580529
0.942153 0.057809
0.942397 0.0575651
0.942641 0.0573212
0.942885 0.0570774
0.943129 0.0568335
0.943373 0.0565896
0.943617 0.0563457
0.943861 0.0561019
0.944105 0.055858
0.94435 0.0556141
0.944594 0.0553702
0.944838 0.0551264
0.945082 0.0548825
0.945326 0.0546386
0.94557 0.0543947
0.945814 0.0541509
0.946058 0.053907
0.946302 0.0536631
0.946546 0.0534192
0.94679 0.0531753
0.947034 0.0529314
0.947278 0.0526876
0.947523 0.0524437
0.947767 0.0521998
0.948011 0.0519559
0.948255 0.051712
0.948499 0.0514682
0.948743 0.0512243
0.948987 0.0509804
0.949231 0.0507365
0.949475 0.0504926
0.949719 0.0502487
0.949963 0.0500048
0.950207 0.0497609
0.950452 0.0495171
0.950696 0.0492732
0.95094 0.0490293
0.951184 0.0487854
0.951428 0.0485415
0.951672 0.0482976
0.951916 0.0480537
0.95216 0.0478098
0.952404 0.0475659
0.952648 0.0473221
0.952892 0.0470782
0.953136 0.0468343
0.953381 0.0465904
0.953625 0.0463465
0.953869 0.0461026
0.954113 0.0458587
0.954357 0.0456148
0.954601 0.0453709
0.954845 0.045127
0.955089 0.0448831
0.955333 0.0446392
0.955577 0.0443953
0.955821 0.0441514
0.956065 0.0439075
0.956309 0.0436636
0.956554 0.0434197
0.956798 0.0431758
0.957042 0.0429319
0.957286 0.042688
0.95753 0.0424441
0.957774 0.0422002
0.958018 0.0419563
0.958262 0.0417124
0.958506 0.0414685
0.95875 0.0412246
0.958994 0.0409807
0.959238 0.0407368
0.959483 0.0404929
0.959727 0.040249
0.959971 0.0400051
0.960215 0.0397612
0.960459 0.0395173
0.960703 0.0392734
0.960947 0.0390295
0.961191 0.0387856
0.961435 0.0385417
0.961679 0.0382978
0.961923 0.0380539
0.962167 0.0378099
0.962412 0.037566
0.962656 0.0373221
0.9629 0.0370782
0.963144 0.0368343
0.963388 0.0365904
0.963632 0.0363465
0.963876 0.0361026
0.96412 0.0358587
0.964364 0.0356148
0.964608 0.0353708
0.964852 0.0351269
0.965096 0.034883
0.96534 0.0346391
0.965585 0.0343952
0.965829 0.0341513
0.966073 0.0339074
0.966317 0.0336635
0.966561 0.0334195
0.966805 0.0331756
0.967049 0.0329317
0.967293 0.0326878
0.967537 0.0324439
0.967781 0.0322
0.968025 0.031956
0.968269 0.0317121
0.968514 0.0314682
0.968758 0.0312243
0.969002 0.0309804
0.969246 0.0307365
0.96949 0.0304925
0.969734 0.0302486
0.969978 0.0300047
0.970222 0.0297608
0.970466 0.0295169
0.97071 0.0292729
0.970954 0.029029
0.971198 0.0287851
0.971443 0.0285412
0.971687 0.0282972
0.971931 0.0280533
0.972175 0.0278094
0.972419 0.0275655
0.972663 0.0273215
0.972907 0.0270776
0.973151 0.0268337
0.973395 0.0265898
0.973639 0.0263458
0.973883 0.0261019
0.974127 0.025858
0.974371 0.0256141
0.974616 0.0253701
0.97486 0.0251262
0.975104 0.0248823
0.975348 0.0246384
0.975592 0.0243944
0.975836 0.0241505
0.97608 0.0239066
0.976324 0.0236626
0.976568 0.0234187
0.976812 0.0231748
0.977056 0.0229309
0.9773 0.0226869
0.977545 0.022443
0.977789 0.0221991
0.978033 0.0219551
0.978277 0.0217112
0.978521 0.0214673
0.978765 0.0212233
0.979009 0.0209794
0.979253 0.0207355
0.979497 0.0204915
0.979741 0.0202476
0.979985 0.0200037
0.980229 0.0197597
0.980474 0.0195158
0.980718 0.0192719
0.980962 0.0190279
0.981206 0.018784
0.98145 0.0185401
0.981694 0.0182961
0.981938 0.0180522
0.982182 0.0178082
0.982426 0.0175643
0.98267 0.0173204
0.982914 0.0170764
0.983158 0.0168325
0.983402 0.0165886
0.983647 0.0163446
0.983891 0.0161007
0.984135 0.0158567
0.984379 0.0156128
0.984623 0.0153689
0.984867 0.0151249
0.985111 0.014881
0.985355 0.014637
0.985599 0.0143931
0.985843 0.0141491
0.986087 0.0139052
0.986331 0.0136613
0.986576 0.0134173
0.98682 0.0131734
0.987064 0.0129294
0.987308 0.0126855
0.987552 0.0124415
0.987796 0.0121976
0.98804 0.0119537
0.988284 0.0117097
0.988528 0.0114658
0.988772 0.0112218
0.989016 0.0109779
0.98926 0.0107339
0.989505 0.01049
0.989749 0.010246
0.989993 0.0100021
0.990237 0.00975814
0.990481 0.00951419
0.990725 0.00927024
0.990969 0.00902629
0.991213 0.00878234
0.991457 0.0085384
0.991701 0.00829445
0.991945 0.0080505
0.992189 0.00780655
0.992433 0.0075626
0.992678 0.00731865
0.992922 0.0070747
0.993166 0.00683074
0.99341 0.00658679
0.993654 0.00634284
0.993898 0.00609889
0.994142 0.00585494
0.994386 0.00561098
0.99463 0.00536703
0.994874 0.00512308
0.995118 0.00487913
0.995362 0.00463517
0.995607 0.00439122
0.995851 0.00414726
0.996095 0.00390331
0.996339 0.00365935
0.996583 0.0034154
0.996827 0.00317144
0.997071 0.00292749
0.997315 0.00268353
0.997559 0.00243958
0.997803 0.00219562
0.998047 0.00195166
0.998291 0.00170771
0.998536 0.00146375
0.99878 0.00121979
0.999024 0.000975834
0.999268 0.000731876
0.999512 0.000487917
0.999756 0.000243959
